.Random.seed <-
c(10403L, 10L, -782281636L, 2109535282L, 852988717L, -404534809L, 
-1085598450L, 1696672488L, 91497707L, 1154907529L, -1395073768L, 
1381646406L, 1232742561L, 1681878835L, 433594018L, -795603564L, 
-145533929L, -1492454387L, -235003612L, 1847643402L, -1386861451L, 
-47609905L, 1823787222L, -2069804928L, -1301178685L, -1083178911L, 
785567952L, 984468014L, 52919257L, 440435691L, 1338040922L, -960711652L, 
559575327L, 1928937845L, 797556748L, -690673182L, -1039756611L, 
2118282551L, -1417793058L, -444475624L, 1604451963L, 1800997913L, 
-93741912L, -785525162L, 1124070097L, 48906883L, 1624119570L, 
948772004L, -2116539289L, -2074532419L, -1854007500L, -1930083174L, 
946367205L, 620803199L, 1795001862L, -982992496L, -353827789L, 
-278656047L, 401916288L, 171781214L, 1396935593L, 2010378843L, 
-628095382L, 979340044L, -2126742193L, -1482504699L, 902671548L, 
1275522450L, -841939315L, 2124840135L, -845375058L, 1491289096L, 
1730574347L, -912610071L, 1560284088L, -1571326874L, -1386965759L, 
1495102355L, -1168780222L, 1790970868L, 21136887L, -1327924755L, 
976165508L, 759430314L, -2072753643L, 945772207L, -726166346L, 
1275151072L, 502111779L, 1952145729L, -283812816L, 1987257934L, 
1670288057L, -1815542069L, 1497276282L, 1898899068L, -115498305L, 
1244726165L, 1234871212L, 251103618L, -1173139619L, -762240425L, 
-227710658L, -1055905416L, 608445019L, -1165105735L, 374994952L, 
-307934538L, 1721287153L, -340887517L, 1232869490L, -38196540L, 
-1175323513L, 1315131485L, -631916972L, -1709755270L, -122617915L, 
1870725407L, -1680052058L, -24751568L, -650098477L, -812480783L, 
-2055248352L, 1014984894L, -103279415L, 793927291L, -1636512694L, 
1296102572L, 123106223L, 502134629L, 362941724L, 1628730738L, 
1177042413L, -866528729L, 1821188686L, 15099560L, 762338475L, 
-1187865143L, -420572712L, -1016387450L, -674523807L, 1954261235L, 
-1745602718L, 193683924L, -923360041L, -1446582579L, -1724707228L, 
1139756106L, -1556387403L, -313330417L, 417563158L, -388244288L, 
-1208599933L, -1498642783L, -1265792880L, 1354408814L, 1201409305L, 
1262656939L, -89080934L, 2101179228L, 1373868639L, 1210227253L, 
185426380L, -716695262L, 1433361277L, 842971255L, -657027682L, 
1821647960L, 1257611707L, -331810983L, 1314108648L, -494830314L, 
-630260079L, 1462055747L, 1299304018L, 109256932L, 571003687L, 
-946124931L, 579758708L, -939223974L, 958336165L, -1182861633L, 
1267502406L, 1571410896L, 1650998771L, -2123114223L, -292412096L, 
-88054498L, 773210601L, 1215591195L, 44965162L, 1982232140L, 
1756123663L, -1809455803L, -724801796L, 864370002L, -3886387L, 
1824524935L, -782906002L, 964642632L, 1941504843L, 206465705L, 
-458989576L, -1988317402L, 858402881L, 1685840339L, 1096158082L, 
1282277300L, -1861281993L, 1363496493L, 1487314756L, -101270422L, 
-1217378603L, -424726417L, 296956278L, 447126176L, -284801181L, 
-1219916799L, 1128781680L, -894361842L, 1755126137L, -1972548341L, 
1394701882L, 517696828L, 1303634559L, -1260779051L, 193415148L, 
-1188226750L, -1793055075L, 1461643472L, 1926129772L, -422912332L, 
-228742126L, 667104224L, 1961583564L, -777260576L, 1873455138L, 
1252762920L, 2048512268L, -1380679108L, 84248818L, -1050555152L, 
-1357998268L, 220294232L, -1919564230L, 1103728880L, 363603644L, 
2010669588L, -773739326L, -1002743200L, -1392631428L, 1035766992L, 
-1884116958L, -512408408L, 1231655308L, -760655428L, 505371698L, 
-1472915648L, -1784819020L, -758153912L, 1838294714L, -208153840L, 
-1948206868L, 1985936468L, 2097371922L, 1399569824L, -1734436916L, 
-1886592160L, 1100655810L, 768393768L, -705696340L, -210175172L, 
1113268082L, -1804017872L, 1006679076L, 1739518520L, -1241340198L, 
875418512L, -497596164L, -1079262828L, 834351938L, -726443520L, 
-297798596L, 40327760L, -561171294L, -1047537848L, 1864343052L, 
-127676708L, 1126371410L, 1106296960L, 193162068L, 497603560L, 
-1381252358L, -1346506928L, 1398878252L, 519340404L, 1468981906L, 
2003972704L, 1364612236L, -160029344L, -379082526L, -1009553240L, 
-495170868L, 656799228L, 1092788146L, 890480624L, 1252820420L, 
-1877182120L, -1414261382L, -761449040L, 20937148L, 1794263636L, 
344370626L, 973142816L, 1313295292L, -317848496L, 1500712930L, 
1404842856L, 1290946380L, -166728964L, -1042875662L, -544018176L, 
1708446836L, 1392077320L, 1272134074L, -1445336624L, 1992428524L, 
1610413972L, -1710211886L, 387115104L, -345534132L, -1289636064L, 
-948364670L, -1037030936L, -1483746324L, -1731187140L, -102962574L, 
-116723856L, -702914268L, 1753706040L, 423869850L, 1550157264L, 
-1201708612L, 397800084L, 1454278274L, 1046172096L, -443429060L, 
27698832L, -1965116638L, 1323435528L, 854791948L, 263567260L, 
1177251858L, 1286734720L, 581283604L, -2108421848L, 1454305338L, 
-1077868592L, 1054739052L, -476390348L, -468753262L, -1628836512L, 
146100556L, -400115232L, -297463902L, 1350340520L, -1425578868L, 
610026428L, 732887154L, 1838515184L, 2132181060L, 428860504L, 
-721100742L, 143302768L, 1356739132L, 448240404L, -1365582142L, 
-591769888L, -245115780L, 393347280L, -443804766L, 271467048L, 
1096115468L, -824022084L, 97183026L, 700013760L, 288828980L, 
-526895416L, 1482028730L, -21897072L, -1323644180L, -1836778924L, 
1737219730L, 2126265120L, 782740428L, -489329440L, -2056762686L, 
-71782360L, -1810027604L, 20228796L, 567350770L, -632060368L, 
961245092L, -173156936L, -1912078502L, -1685673840L, -1872270468L, 
-80116972L, -439283390L, -584736000L, 96116668L, -173989040L, 
-1811786462L, 195317320L, -241756148L, -194650020L, 313371090L, 
-251672064L, 1593000276L, -872041240L, -1242657542L, 63289040L, 
444579116L, 1884375284L, 258549138L, 1554954592L, 1417410572L, 
-478794016L, 419621474L, 1278516904L, -283503028L, -1691067524L, 
1881208114L, -1715560848L, 199453508L, 1470813144L, 1907904378L, 
-995339728L, -1728222276L, 1178550868L, -10646462L, -1616873312L, 
2092167868L, 1267154384L, -431843486L, -1947954456L, -572615476L, 
-1950847492L, -1483466254L, -992250240L, 1701479924L, -341130616L, 
-2125400262L, -56574128L, -1816093588L, 957115796L, 1008789397L, 
-42245134L, -1250420672L, 174238121L, 1156966427L, -1242090004L, 
-287537670L, -519744977L, 809352761L, -2018121650L, -773312356L, 
-505409011L, -1924190601L, 865429120L, 1064592606L, 1016190891L, 
1448425645L, -906486502L, 1047673304L, 923386433L, -1266542349L, 
448288532L, 358579874L, 317781943L, -1945656447L, -1316482682L, 
-1566235708L, -920113419L, -1070122145L, 512525752L, -1516725098L, 
-1658015069L, -1206397851L, 800317826L, 1098341104L, -729862503L, 
330330763L, 1763914620L, -789158486L, -330158625L, 1610480489L, 
645102462L, -135900308L, -1296336963L, -1375304569L, -1199130512L, 
1086677774L, 934481979L, 60063517L, 1117826506L, -2129271064L, 
-1519293999L, -1040491581L, 62133444L, 1242033010L, 134944327L, 
-983742959L, -1454389354L, -1087169804L, -1869853563L, 2056008143L, 
-32054072L, 684541286L, 1966061459L, -960038667L, -2063347502L, 
1352785696L, -1594056951L, 896886843L, -779477620L, -1938959334L, 
1433569423L, -1972690983L, 1857945710L, 468026364L, -97103507L, 
1948568343L, -445326624L, -1587083074L, 1681147531L, -255263475L, 
-90730182L, 500072824L, -794430687L, 2139333587L, -1175819532L, 
-106970238L, -1479601641L, 907567329L, -2052641242L, -823859420L, 
1226328021L, -942293121L, -1572263400L, 1941686582L, -1254139965L, 
-639445499L, -833727070L, 433920400L, 1398620473L, 2006423019L, 
2109716188L, -366607606L, 2097860095L, -678980535L, 149054942L, 
-268552820L, 63979869L, -1565722265L, 1713834640L, 2134361262L, 
-1678559909L, 1494841661L, 1535919018L, 1286059080L, -307110799L, 
1349261795L, 1703474404L, 59084818L, 632243175L, 1234578353L, 
-1477466634L, 1039312916L, -533338331L, 2048047L, -1921840664L, 
-1890644282L, -1436799117L, -1358067755L, -1315864654L, -1562277504L, 
1976963433L, -489957925L, -1933701844L, -204507334L, 1071122927L, 
549956729L, 1483841294L, 1477434076L, -708970163L, 109302967L, 
-595112384L, 1857609502L, 210720235L, 498198893L, -979662886L, 
1386021272L, 957394945L, -1097498189L, 893933780L, 1286798818L, 
